  20 0.0113214 -0.160308 
  19 0.0113306 -0.143166 
  18 0.0113207 -0.125797 
  17  0.01133 -0.108656 
  16 0.0113203 -0.0912874 
  15 0.0113295 -0.0741482 
  14  0.01132 -0.0567793 
  13 0.0113293 -0.0396407 
  12 0.0113198 -0.0222717 
  11 0.0113293 -0.00513367 
  10 0.0113197 0.0122355 
   9 0.0113293 0.0293732 
   8 0.0113199 0.0467432 
   7 0.0113295 0.0638808 
   6 0.0113201 0.0812504 
   5 0.0113298 0.0983881 
   4 0.0113206 0.115759 
   3 0.0113303 0.132897 
   2 0.0113212  0.15027 
   1 0.011331 0.167409 
  40 0.0291167 -0.160304 
  39 0.0291401 -0.143164 
  38 0.0291149 -0.125793 
  37 0.0291386 -0.108654 
  36 0.0291137 -0.0912837 
  35 0.0291375 -0.0741456 
  34 0.0291129 -0.0567756 
  33 0.029137 -0.0396381 
  32 0.0291125 -0.022268 
  31 0.0291368 -0.00513105 
  30 0.0291123 0.0122393 
  29 0.0291368 0.0293758 
  28 0.0291128 0.0467469 
  27 0.0291375 0.0638835 
  26 0.0291133 0.0812542 
  25 0.0291382 0.0983908 
  24 0.0291145 0.115763 
  23 0.0291395   0.1329 
  22 0.0291161 0.150274 
  21 0.0291414 0.167412 
  60 0.0469019 -0.160301 
  59 0.0469397 -0.143161 
  58 0.0468991 -0.12579 
  57 0.0469372 -0.108652 
  56 0.0468971 -0.0912803 
  55 0.0469355 -0.0741432 
  54 0.0468959 -0.0567721 
  53 0.0469347 -0.0396357 
  52 0.0468952 -0.0222645 
  51 0.0469343 -0.0051286 
  50 0.0468949 0.0122428 
  49 0.0469343 0.0293783 
  48 0.0468957 0.0467505 
  47 0.0469354 0.063886 
  46 0.0468966 0.0812578 
  45 0.0469366 0.0983933 
  44 0.0468984 0.115767 
  43 0.0469387 0.132903 
  42 0.046901 0.150278 
  41 0.0469417 0.167414 
  80 0.0646744 -0.160298 
  79 0.0647265 -0.143159 
  78 0.0646706 -0.125787 
  77 0.0647231 -0.108649 
  76 0.0646677 -0.0912771 
  75 0.0647207 -0.074141 
  74 0.0646662 -0.0567689 
  73 0.0647196 -0.0396335 
  72 0.0646652 -0.0222613 
  71 0.0647191 -0.00512636 
  70 0.0646648 0.012246 
  69 0.0647191 0.0293806 
  68 0.0646658 0.0467537 
  67 0.0647206 0.0638883 
  66 0.064667 0.081261 
  65 0.0647222 0.0983956 
  64 0.0646696  0.11577 
  63 0.0647252 0.132905 
  62 0.0646732 0.150281 
  61 0.0647293 0.167417 
 100 0.0824298 -0.160295 
  99 0.0824961 -0.143157 
  98 0.0824249 -0.125784 
  97 0.0824918 -0.108647 
  96 0.0824213 -0.0912742 
  95 0.0824888 -0.074139 
  94 0.0824193 -0.056766 
  93 0.0824873 -0.0396314 
  92 0.0824181 -0.0222583 
  91 0.0824867 -0.00512428 
  90 0.0824176 0.012249 
  89 0.0824867 0.0293827 
  88 0.0824189 0.0467567 
  87 0.0824886 0.0638904 
  86 0.0824204 0.0812641 
  85 0.0824907 0.0983977 
  84 0.0824236 0.115773 
  83 0.0824944 0.132907 
  82 0.0824283 0.150284 
  81 0.0824997 0.167419 
 120 0.100122 -0.160296 
 119 0.100202 -0.143155 
 118 0.100116 -0.125784 
 117 0.100197 -0.108645 
 116 0.100111 -0.0912747 
 115 0.100193 -0.0741366 
 114 0.100109 -0.0567668 
 113 0.100192 -0.0396294 
 112 0.100107 -0.0222593 
 111  0.10019 -0.00512248 
 110 0.100107 0.0122483 
 109 0.100191 0.0293848 
 108 0.100108 0.0467556 
 107 0.100193 0.0638921 
 106 0.100111 0.0812631 
 105 0.100196 0.0983998 
 104 0.100114 0.115772 
 103   0.1002 0.132909 
 102  0.10012 0.150283 
 101 0.100206 0.167421 
 140 0.117466 -0.160292 
 139 0.117561 -0.143153 
 138  0.11746 -0.125781 
 137 0.117555 -0.108643 
 136 0.117455 -0.0912707 
 135  0.11755 -0.0741338 
 134 0.117452 -0.0567628 
 133 0.117548 -0.0396266 
 132 0.117449 -0.0222553 
 131 0.117547 -0.00511965 
 130 0.117449 0.0122523 
 129 0.117547 0.0293877 
 128 0.117451 0.0467597 
 127  0.11755 0.063895 
 126 0.117454 0.0812672 
 125 0.117554 0.0984027 
 124 0.117458 0.115776 
 123 0.117559 0.132912 
 122 0.117464 0.150287 
 121 0.117566 0.167424 
 160 0.134797 -0.160289 
 159 0.134905 -0.143151 
 158 0.134789 -0.125778 
 157 0.134898 -0.108641 
 156 0.134783 -0.0912679 
 155 0.134893 -0.0741318 
 154  0.13478 -0.05676 
 153 0.134891 -0.0396246 
 152 0.134777 -0.0222524 
 151 0.134889 -0.00511764 
 150 0.134777 0.0122552 
 149  0.13489 0.0293897 
 148 0.134779 0.0467626 
 147 0.134893 0.0638971 
 146 0.134782 0.0812702 
 145 0.134897 0.0984048 
 144 0.134787 0.115779 
 143 0.134903 0.132914 
 142 0.134795  0.15029 
 141 0.134911 0.167426 
 180 0.152113 -0.160288 
 179 0.152234 -0.14315 
 178 0.152104 -0.125776 
 177 0.152226 -0.108639 
 176 0.152097 -0.0912663 
 175 0.152221 -0.0741307 
 174 0.152094 -0.0567583 
 173 0.152218 -0.0396234 
 172  0.15209 -0.0222507 
 171 0.152216 -0.00511647 
 170  0.15209 0.0122569 
 169 0.152217 0.0293909 
 168 0.152093 0.0467643 
 167  0.15222 0.0638983 
 166 0.152096 0.0812719 
 165 0.152225 0.098406 
 164 0.152102 0.115781 
 163 0.152232 0.132915 
 162  0.15211 0.150292 
 161 0.152241 0.167427 
 200 0.169415 -0.160287 
 199  0.16955 -0.143149 
 198 0.169405 -0.125776 
 197 0.169541 -0.108639 
 196 0.169398 -0.0912657 
 195 0.169535 -0.0741303 
 194 0.169394 -0.0567578 
 193 0.169532 -0.039623 
 192  0.16939 -0.0222502 
 191  0.16953 -0.00511608 
 190  0.16939 0.0122574 
 189 0.169531 0.0293913 
 188 0.169392 0.0467649 
 187 0.169534 0.0638987 
 186 0.169396 0.0812724 
 185  0.16954 0.0984064 
 184 0.169403 0.115781 
 183 0.169547 0.132916 
 182 0.169412 0.150293 
 181 0.169557 0.167428 
 220 0.186878 -0.160285 
 219 0.187027 -0.143151 
 218 0.186867 -0.125774 
 217 0.187017 -0.108641 
 216 0.186859 -0.0912642 
 215  0.18701 -0.0741322 
 214 0.186854 -0.0567563 
 213 0.187007 -0.0396249 
 212  0.18685 -0.0222487 
 211 0.187004 -0.00511797 
 210  0.18685 0.0122589 
 209 0.187005 0.0293894 
 208 0.186853 0.0467663 
 207  0.18701 0.0638968 
 206 0.186858 0.0812739 
 205 0.187015 0.0984045 
 204 0.186864 0.115783 
 203 0.187023 0.132914 
 202 0.186874 0.150294 
 201 0.187035 0.167426 
 240 0.204223 -0.160287 
 239 0.204385 -0.143152 
 238 0.204211 -0.125776 
 237 0.204374 -0.108642 
 236 0.204202 -0.091266 
 235 0.204367 -0.0741334 
 234 0.204197 -0.056758 
 233 0.204364 -0.0396261 
 232 0.204193 -0.0222505 
 231 0.204361 -0.00511919 
 230 0.204193 0.0122572 
 229 0.204362 0.0293881 
 228 0.204196 0.0467646 
 227 0.204366 0.0638955 
 226 0.204201 0.0812721 
 225 0.204373 0.0984032 
 224 0.204208 0.115781 
 223 0.204382 0.132912 
 222 0.204219 0.150292 
 221 0.204394 0.167424 
 260 0.221554 -0.16029 
 259  0.22173 -0.143154 
 258 0.221541 -0.125779 
 257 0.221719 -0.108644 
 256 0.221532 -0.0912688 
 255 0.221711 -0.0741353 
 254 0.221527 -0.0567609 
 253 0.221707 -0.0396281 
 252 0.221522 -0.0222533 
 251 0.221704 -0.00512118 
 250 0.221522 0.0122543 
 249 0.221705 0.0293861 
 248 0.221525 0.0467617 
 247  0.22171 0.0638935 
 246  0.22153 0.0812692 
 245 0.221717 0.0984012 
 244 0.221538 0.115778 
 243 0.221726  0.13291 
 242  0.22155 0.150289 
 241 0.221739 0.167422 
 280 0.238874 -0.160294 
 279 0.239063 -0.143157 
 278  0.23886 -0.125782 
 277 0.239051 -0.108647 
 276  0.23885 -0.0912727 
 275 0.239042 -0.0741381 
 274 0.238844 -0.0567648 
 273 0.239038 -0.0396309 
 272 0.238839 -0.0222573 
 271 0.239034 -0.00512397 
 270 0.238839 0.0122503 
 269 0.239036 0.0293833 
 268 0.238843 0.0467576 
 267 0.239041 0.0638907 
 266 0.238848 0.0812651 
 265 0.239048 0.0983983 
 264 0.238857 0.115774 
 263 0.239059 0.132907 
 262  0.23887 0.150285 
 261 0.239073 0.167419 
 300 0.256183 -0.160299 
 299 0.256385 -0.14316 
 298 0.256168 -0.125788 
 297 0.256372 -0.10865 
 296 0.256157 -0.0912778 
 295 0.256363 -0.0741416 
 294 0.256151 -0.05677 
 293 0.256358 -0.0396344 
 292 0.256146 -0.0222625 
 291 0.256355 -0.0051276 
 290 0.256146 0.0122451 
 289 0.256356 0.0293797 
 288 0.256149 0.0467524 
 287 0.256362 0.063887 
 286 0.256155 0.0812599 
 285  0.25637 0.0983946 
 284 0.256165 0.115769 
 283 0.256381 0.132904 
 282 0.256178  0.15028 
 281 0.256396 0.167415 
 320  0.27365 -0.160298 
 319 0.273866 -0.14317 
 318 0.273634 -0.125787 
 317 0.273851 -0.10866 
 316 0.273623 -0.0912778 
 315 0.273842 -0.0741516 
 314 0.273616 -0.0567696 
 313 0.273837 -0.0396442 
 312 0.273612 -0.022262 
 311 0.273835 -0.00513707 
 310 0.273611 0.0122452 
 309 0.273835 0.0293698 
 308 0.273615 0.0467529 
 307 0.273841 0.0638775 
 306  0.27362 0.0812602 
 305 0.273848 0.0983847 
 304  0.27363 0.115769 
 303  0.27386 0.132894 
 302 0.273645  0.15028 
 301 0.273877 0.167406 
 340 0.290997 -0.160305 
 339 0.291225 -0.143175 
 338  0.29098 -0.125794 
 337  0.29121 -0.108665 
 336 0.290967 -0.0912848 
 335 0.291199 -0.0741565 
 334 0.290961 -0.0567767 
 333 0.291195 -0.0396491 
 332 0.290956 -0.0222692 
 331 0.291192 -0.00514207 
 330 0.290954 0.0122381 
 329 0.291192 0.0293647 
 328 0.290959 0.0467457 
 327 0.291199 0.0638723 
 326 0.290964 0.0812529 
 325 0.291206 0.0983796 
 324 0.290975 0.115762 
 323 0.291219 0.132889 
 322 0.290991 0.150273 
 321 0.291237   0.1674 
 360 0.308332 -0.160313 
 359 0.308573 -0.14318 
 358 0.308314 -0.125802 
 357 0.308557 -0.10867 
 356 0.308301 -0.091293 
 355 0.308546 -0.0741622 
 354 0.308293 -0.0567849 
 353 0.308541 -0.0396549 
 352 0.308289 -0.0222774 
 351 0.308538 -0.00514787 
 350 0.308287 0.0122297 
 349 0.308538 0.0293589 
 348 0.308292 0.0467373 
 347 0.308545 0.0638664 
 346 0.308297 0.0812444 
 345 0.308553 0.0983736 
 344 0.308309 0.115753 
 343 0.308566 0.132883 
 342 0.308326 0.150264 
 341 0.308585 0.167394 
 380 0.325655 -0.160322 
 379 0.325909 -0.143186 
 378 0.325636 -0.125811 
 377 0.325892 -0.108677 
 376 0.325622 -0.0913021 
 375  0.32588 -0.0741686 
 374 0.325615 -0.0567942 
 373 0.325875 -0.0396613 
 372  0.32561 -0.0222867 
 371 0.325872 -0.00515438 
 370 0.325608 0.0122204 
 369 0.325872 0.0293523 
 368 0.325613 0.0467279 
 367 0.325879 0.0638598 
 366 0.325619 0.0812349 
 365 0.325888 0.0983669 
 364 0.325631 0.115744 
 363 0.325902 0.132876 
 362 0.325649 0.150254 
 361 0.325922 0.167387 
 400 0.342969 -0.160332 
 399 0.343235 -0.143193 
 398 0.342949 -0.125821 
 397 0.343217 -0.108684 
 396 0.342934 -0.0913116 
 395 0.343205 -0.0741757 
 394 0.342926 -0.0568037 
 393   0.3432 -0.0396685 
 392 0.342922 -0.0222964 
 391 0.343197 -0.00516166 
 390 0.342919 0.0122106 
 389 0.343197 0.029345 
 388 0.342925 0.0467181 
 387 0.343205 0.0638524 
 386 0.342931 0.0812251 
 385 0.343213 0.0983594 
 384 0.342944 0.115734 
 383 0.343228 0.132869 
 382 0.342962 0.150244 
 381 0.343249  0.16738 
 420 0.360452 -0.160333 
 419 0.360731 -0.143211 
 418 0.360433 -0.125821 
 417 0.360714 -0.108701 
 416 0.360417 -0.0913123 
 415   0.3607 -0.0741928 
 414 0.360406 -0.0568042 
 413 0.360692 -0.0396855 
 412 0.360401 -0.0222974 
 411 0.360689 -0.00517923 
 410 0.360402 0.0122099 
 409 0.360692 0.0293278 
 408 0.360406 0.0467168 
 407 0.360699 0.0638346 
 406 0.360414 0.0812242 
 405 0.360709 0.0983423 
 404 0.360427 0.115733 
 403 0.360725 0.132851 
 402 0.360447 0.150243 
 401 0.360747 0.167362 
 440 0.377814 -0.160344 
 439 0.378105 -0.143219 
 438 0.377794 -0.125833 
 437 0.378087 -0.108709 
 436 0.377777 -0.0913243 
 435 0.378073 -0.0742011 
 434 0.377766 -0.0568163 
 433 0.378064 -0.039694 
 432 0.377761 -0.0223095 
 431 0.378061 -0.00518774 
 430 0.377761 0.0121976 
 429 0.378065 0.0293192 
 428 0.377766 0.0467044 
 427 0.378072 0.063826 
 426 0.377774 0.0812119 
 425 0.378083 0.0983335 
 424 0.377788 0.115721 
 423 0.378099 0.132842 
 422 0.377808 0.150231 
 421 0.378122 0.167353 
 460 0.395165 -0.160357 
 459 0.395468 -0.143228 
 458 0.395144 -0.125846 
 457  0.39545 -0.108718 
 456 0.395127 -0.0913372 
 455 0.395435 -0.0742101 
 454 0.395115 -0.0568293 
 453 0.395426 -0.0397031 
 452 0.395109 -0.0223226 
 451 0.395423 -0.00519692 
 450  0.39511 0.0121845 
 449 0.395426  0.02931 
 448 0.395115 0.0466912 
 447 0.395434 0.0638166 
 446 0.395124 0.0811985 
 445 0.395445 0.098324 
 444 0.395138 0.115707 
 443 0.395462 0.132833 
 442 0.395159 0.150217 
 441 0.395486 0.167344 
 480 0.412508 -0.160371 
 479 0.412824 -0.143237 
 478 0.412486 -0.12586 
 477 0.412804 -0.108728 
 476 0.412469 -0.0913511 
 475 0.412789 -0.0742199 
 474 0.412456 -0.0568433 
 473 0.412779 -0.0397129 
 472  0.41245 -0.0223368 
 471 0.412776 -0.00520683 
 470 0.412451 0.0121702 
 469  0.41278 0.0292999 
 468 0.412456 0.0466769 
 467 0.412788 0.0638065 
 466 0.412465 0.0811841 
 465 0.412799 0.0983138 
 464  0.41248 0.115693 
 463 0.412817 0.132823 
 462 0.412502 0.150203 
 461 0.412842 0.167333 
 500 0.429841 -0.160386 
 499 0.430169 -0.143248 
 498 0.429819 -0.125875 
 497 0.430149 -0.108738 
 496   0.4298 -0.091366 
 495 0.430133 -0.0742302 
 494 0.429787 -0.0568583 
 493 0.430123 -0.0397233 
 492 0.429781 -0.0223519 
 491  0.43012 -0.00521742 
 490 0.429782 0.012155 
 489 0.430124 0.0292892 
 488 0.429787 0.0466615 
 487 0.430131 0.0637957 
 486 0.429797 0.0811687 
 485 0.430143 0.0983029 
 484 0.429812 0.115677 
 483 0.430162 0.132812 
 482 0.429835 0.150187 
 481 0.430187 0.167322 
 520 0.451764 -0.160388 
 519 0.452106 -0.143271 
 518 0.451738 -0.125877 
 517 0.452083 -0.108761 
 516  0.45172 -0.0913685 
 515 0.452068 -0.0742542 
 514 0.451709 -0.056861 
 513 0.452059 -0.0397475 
 512 0.451701 -0.0223542 
 511 0.452054 -0.00524124 
 510   0.4517 0.012152 
 509 0.452056 0.0292646 
 508 0.451705 0.0466581 
 507 0.452064 0.0637707 
 506 0.451715 0.0811655 
 505 0.452077 0.0982782 
 504 0.451733 0.115674 
 503 0.452098 0.132787 
 502 0.451757 0.150184 
 501 0.452125 0.167298 
 540 0.469002 -0.160404 
 539 0.469355 -0.143282 
 538 0.468974 -0.125893 
 537  0.46933 -0.108773 
 536 0.468956 -0.0913846 
 535 0.469315 -0.0742655 
 534 0.468944 -0.0568773 
 533 0.469307 -0.0397589 
 532 0.468936 -0.0223705 
 531 0.469301 -0.00525273 
 530 0.468935 0.0121355 
 529 0.469303 0.029253 
 528  0.46894 0.0466416 
 527 0.469311 0.063759 
 526 0.468951 0.0811488 
 525 0.469325 0.0982664 
 524 0.468969 0.115657 
 523 0.469346 0.132775 
 522 0.468994 0.150167 
 521 0.469374 0.167286 
 560 0.486229 -0.16042 
 559 0.486594 -0.143294 
 558 0.486201 -0.12591 
 557 0.486568 -0.108784 
 556 0.486182 -0.0914017 
 555 0.486552 -0.0742774 
 554  0.48617 -0.0568945 
 553 0.486544 -0.0397709 
 552 0.486161 -0.0223878 
 551 0.486538 -0.00526487 
 550  0.48616 0.0121181 
 549  0.48654 0.0292407 
 548 0.486165 0.046624 
 547 0.486548 0.0637466 
 546 0.486177 0.0811312 
 545 0.486563 0.0982539 
 544 0.486196  0.11564 
 543 0.486585 0.132763 
 542 0.486221  0.15015 
 541 0.486613 0.167273 
 580 0.503447 -0.160438 
 579 0.503823 -0.143306 
 578 0.503418 -0.125927 
 577 0.503797 -0.108797 
 576 0.503398 -0.0914196 
 575 0.503781 -0.0742899 
 574 0.503386 -0.0569125 
 573 0.503772 -0.0397835 
 572 0.503377 -0.022406 
 571 0.503765 -0.00527764 
 570 0.503376 0.0120998 
 569 0.503768 0.0292278 
 568 0.503382 0.0466056 
 567 0.503777 0.0637336 
 566 0.503393 0.0811126 
 565 0.503791 0.0982407 
 564 0.503413 0.115621 
 563 0.503814 0.132749 
 562 0.503439 0.150131 
 561 0.503843  0.16726 
 600 0.520658 -0.160457 
 599 0.521045 -0.143319 
 598 0.520628 -0.125946 
 597 0.521019 -0.10881 
 596 0.520608 -0.0914384 
 595 0.521002 -0.074303 
 594 0.520596 -0.0569315 
 593 0.520992 -0.0397968 
 592 0.520586 -0.0224251 
 591 0.520986 -0.00529103 
 590 0.520585 0.0120806 
 589 0.520989 0.0292143 
 588 0.520591 0.0465862 
 587 0.520997 0.0637199 
 586 0.520603 0.0810931 
 585 0.521013 0.0982269 
 584 0.520623 0.115601 
 583 0.521036 0.132736 
 582  0.52065 0.150111 
 581 0.521066 0.167246 
 620  0.53796 -0.160461 
 619 0.538357 -0.143348 
 618 0.537932 -0.125951 
 617 0.538332 -0.108839 
 616 0.537908 -0.0914421 
 615 0.538312 -0.0743318 
 614 0.537894 -0.0569356 
 613 0.538301 -0.039826 
 612 0.537888 -0.02243 
 611 0.538298 -0.00532092 
 610 0.537885 0.0120759 
 609 0.538299 0.0291846 
 608  0.53789 0.0465815 
 607 0.538307 0.0636901 
 606 0.537903 0.0810882 
 605 0.538323 0.0981969 
 604 0.537925 0.115596 
 603 0.538349 0.132705 
 602 0.537949 0.150105 
 601 0.538376 0.167215 
 640 0.555063 -0.16048 
 639 0.555471 -0.143361 
 638 0.555035 -0.12597 
 637 0.555446 -0.108853 
 636 0.555011 -0.0914617 
 635 0.555426 -0.0743454 
 634 0.554996 -0.0569553 
 633 0.555414 -0.0398398 
 632  0.55499 -0.0224498 
 631 0.555411 -0.00533487 
 630 0.554987 0.0120559 
 629 0.555412 0.0291705 
 628 0.554992 0.0465613 
 627  0.55542 0.0636758 
 626 0.555005 0.0810679 
 625 0.555437 0.0981825 
 624 0.555028 0.115576 
 623 0.555464 0.132691 
 622 0.555052 0.150085 
 621 0.555491   0.1672 
 660 0.572159  -0.1605 
 659 0.572577 -0.143375 
 658  0.57213 -0.12599 
 657 0.572551 -0.108867 
 656 0.572105 -0.0914821 
 655  0.57253 -0.0743597 
 654  0.57209 -0.0569758 
 653 0.572519 -0.0398542 
 652 0.572083 -0.0224705 
 651 0.572516 -0.0053494 
 650  0.57208 0.0120351 
 649 0.572516 0.0291558 
 648 0.572085 0.0465404 
 647 0.572525 0.063661 
 646 0.572099 0.0810468 
 645 0.572542 0.0981676 
 644 0.572122 0.115554 
 643 0.572569 0.132676 
 642 0.572147 0.150063 
 641 0.572598 0.167185 
 680 0.589247 -0.160521 
 679 0.589675 -0.14339 
 678 0.589217 -0.126011 
 677 0.589649 -0.108881 
 676 0.589191 -0.0915033 
 675 0.589627 -0.0743745 
 674 0.589176 -0.0569972 
 673 0.589616 -0.0398692 
 672 0.589169 -0.0224921 
 671 0.589612 -0.00536452 
 670 0.589166 0.0120134 
 669 0.589613 0.0291405 
 668 0.589171 0.0465185 
 667 0.589622 0.0636456 
 666 0.589185 0.0810248 
 665 0.589639 0.098152 
 664 0.589209 0.115532 
 663 0.589667  0.13266 
 662 0.589235 0.150041 
 661 0.589696 0.167169 
 700 0.606328 -0.160543 
 699 0.606767 -0.143405 
 698 0.606297 -0.126033 
 697  0.60674 -0.108897 
 696 0.606272 -0.0915253 
 695 0.606718 -0.0743898 
 694 0.606256 -0.0570193 
 693 0.606706 -0.0398847 
 692 0.606249 -0.0225144 
 691 0.606702 -0.00538018 
 690 0.606246 0.0119909 
 689 0.606703 0.0291247 
 688 0.606251 0.0464959 
 687 0.606712 0.0636296 
 686 0.606265 0.081002 
 685  0.60673 0.0981359 
 684  0.60629 0.115509 
 683 0.606759 0.132644 
 682 0.606316 0.150018 
 681 0.606789 0.167153 
 720 0.623562 -0.160544 
 719 0.624011 -0.143436 
 718 0.623531 -0.126036 
 717 0.623983 -0.108929 
 716 0.623507 -0.0915283 
 715 0.623963 -0.0744227 
 714 0.623491 -0.0570222 
 713  0.62395 -0.0399174 
 712 0.623481 -0.0225171 
 711 0.623944 -0.00541282 
 710 0.623482 0.011988 
 709 0.623949 0.029092 
 708 0.623488 0.0464927 
 707 0.623959 0.0635967 
 706 0.623501 0.0809988 
 705 0.623976 0.0981028 
 704 0.623523 0.115506 
 703 0.624002  0.13261 
 702 0.623553 0.150014 
 701 0.624035 0.167119 
 740  0.64067 -0.160566 
 739 0.641128 -0.143452 
 738 0.640638 -0.126058 
 737   0.6411 -0.108945 
 736 0.640613 -0.0915507 
 735 0.641079 -0.0744383 
 734 0.640597 -0.0570448 
 733 0.641066 -0.0399332 
 732 0.640587 -0.0225398 
 731  0.64106 -0.0054288 
 730 0.640587 0.0119651 
 729 0.641065 0.0290759 
 728 0.640594 0.0464697 
 727 0.641075 0.0635804 
 726 0.640608 0.0809756 
 725 0.641093 0.0980864 
 724  0.64063 0.115482 
 723 0.641119 0.132594 
 722  0.64066 0.149991 
 721 0.641153 0.167103 
 760 0.657769 -0.160589 
 759 0.658236 -0.143467 
 758 0.657736 -0.126081 
 757 0.658208 -0.108961 
 756 0.657711 -0.0915738 
 755 0.658186 -0.0744545 
 754 0.657694 -0.0570681 
 753 0.658173 -0.0399495 
 752 0.657684 -0.0225633 
 751 0.658167 -0.00544529 
 750 0.657684 0.0119415 
 749 0.658172 0.0290592 
 748 0.657691 0.0464459 
 747 0.658182 0.0635636 
 746 0.657705 0.0809516 
 745   0.6582 0.0980694 
 744 0.657728 0.115458 
 743 0.658227 0.132576 
 742 0.657758 0.149966 
 741 0.658262 0.167085 
 780  0.67486 -0.160613 
 779 0.675337 -0.143484 
 778 0.674827 -0.126105 
 777 0.675308 -0.108977 
 776 0.674801 -0.0915977 
 775 0.675286 -0.0744712 
 774 0.674784 -0.0570921 
 773 0.675273 -0.0399664 
 772 0.674774 -0.0225875 
 771 0.675267 -0.00546231 
 770 0.674774 0.0119171 
 769 0.675272 0.029042 
 768 0.674781 0.0464214 
 767 0.675282 0.0635462 
 766 0.674795 0.0809269 
 765 0.675301 0.0980519 
 764 0.674818 0.115433 
 763 0.675328 0.132559 
 762  0.67485 0.149941 
 761 0.675363 0.167067 
 800 0.691946 -0.160637 
 799 0.692433 -0.143501 
 798 0.691912 -0.126129 
 797 0.692403 -0.108994 
 796 0.691886 -0.0916223 
 795 0.692381 -0.0744883 
 794 0.691868 -0.0571169 
 793 0.692367 -0.0399837 
 792 0.691858 -0.0226124 
 791 0.692361 -0.00547982 
 790 0.691858 0.011892 
 789 0.692365 0.0290243 
 788 0.691865 0.0463961 
 787 0.692377 0.0635284 
 786  0.69188 0.0809015 
 785 0.692395 0.0980338 
 784 0.691904 0.115408 
 783 0.692423 0.132541 
 782 0.691935 0.149916 
 781 0.692459 0.167049 
 820 0.709195 -0.16064 
 819  0.70969 -0.143536 
 818  0.70916 -0.126132 
 817 0.709659 -0.109029 
 816 0.709134 -0.0916258 
 815 0.709637 -0.0745235 
 814 0.709115 -0.0571205 
 813 0.709622 -0.040019 
 812 0.709106 -0.0226163 
 811 0.709617 -0.00551541 
 810 0.709105 0.0118877 
 809  0.70962 0.0289884 
 808 0.709113 0.0463927 
 807 0.709633 0.0634933 
 806 0.709126 0.0808969 
 805  0.70965 0.0979976 
 804 0.709151 0.115403 
 803 0.709679 0.132504 
 802 0.709186 0.149911 
 801 0.709719 0.167013 
 840  0.72632 -0.160664 
 839 0.726824 -0.143552 
 838 0.726284 -0.126156 
 837 0.726792 -0.109046 
 836 0.726258 -0.0916503 
 835  0.72677 -0.0745406 
 834 0.726239 -0.0571452 
 833 0.726755 -0.0400363 
 832 0.726229 -0.0226412 
 831  0.72675 -0.0055329 
 830 0.726228 0.0118627 
 829 0.726753 0.0289707 
 828 0.726236 0.0463675 
 827 0.726766 0.0634754 
 826  0.72625 0.0808715 
 825 0.726783 0.0979795 
 824 0.726275 0.115378 
 823 0.726813 0.132486 
 822 0.726311 0.149885 
 821 0.726853 0.166995 
 860 0.743436 -0.160689 
 859 0.743949 -0.14357 
 858   0.7434 -0.126181 
 857 0.743917 -0.109063 
 856 0.743373 -0.0916755 
 855 0.743895 -0.0745583 
 854 0.743354 -0.0571706 
 853 0.743879 -0.0400541 
 852 0.743344 -0.0226668 
 851 0.743874 -0.00555088 
 850 0.743343 0.011837 
 849 0.743877 0.0289525 
 848 0.743351 0.0463416 
 847  0.74389 0.0634571 
 846 0.743365 0.0808454 
 845 0.743908 0.097961 
 844 0.743391 0.115351 
 843 0.743938 0.132467 
 842 0.743427 0.149859 
 841 0.743979 0.166976 
 880 0.760545 -0.160715 
 879 0.761067 -0.143587 
 878 0.760508 -0.126207 
 877 0.761034 -0.109081 
 876 0.760481 -0.0917014 
 875 0.761011 -0.0745763 
 874 0.760461 -0.0571966 
 873 0.760996 -0.0400724 
 872 0.760451 -0.022693 
 871  0.76099 -0.00556931 
 870  0.76045 0.0118106 
 869 0.760994 0.0289339 
 868 0.760458 0.046315 
 867 0.761006 0.0634383 
 866 0.760472 0.0808187 
 865 0.761025 0.0979421 
 864 0.760499 0.115324 
 863 0.761056 0.132448 
 862 0.760536 0.149832 
 861 0.761097 0.166956 
 900 0.777648 -0.160741 
 899 0.778178 -0.143605 
 898  0.77761 -0.126233 
 897 0.778145 -0.109099 
 896 0.777582 -0.0917278 
 895 0.778122 -0.0745948 
 894 0.777562 -0.0572232 
 893 0.778106 -0.0400911 
 892 0.777552 -0.0227198 
 891   0.7781 -0.00558817 
 890 0.777551 0.0117836 
 889 0.778104 0.0289149 
 888 0.777559 0.0462878 
 887 0.778116 0.0634191 
 886 0.777574 0.0807913 
 885 0.778135 0.0979226 
 884   0.7776 0.115297 
 883 0.778166 0.132429 
 882 0.777638 0.149804 
 881 0.778208 0.166937 
 920 0.799765 -0.160744 
 919 0.800305 -0.143641 
 918 0.799725 -0.126237 
 917  0.80027 -0.109136 
 916 0.799699 -0.091731 
 915 0.800247 -0.0746309 
 914 0.799677 -0.0572265 
 913  0.80023 -0.0401271 
 912 0.799667 -0.0227233 
 911 0.800225 -0.00562444 
 910 0.799665 0.0117806 
 909 0.800228 0.0288791 
 908  0.79967 0.0462833 
 907 0.800237 0.0633816 
 906 0.799688 0.0807875 
 905  0.80026 0.097886 
 904 0.799716 0.115293 
 903 0.800292 0.132392 
 902 0.799748 0.149799 
 901 0.800329 0.166899 
 940  0.81693 -0.16077 
 939 0.817478 -0.143659 
 938  0.81689 -0.126263 
 937 0.817443 -0.109154 
 936 0.816863 -0.0917572 
 935  0.81742 -0.0746492 
 934 0.816841 -0.0572528 
 933 0.817403 -0.0401456 
 932 0.816832 -0.0227498 
 931 0.817398 -0.00564312 
 930 0.816829 0.0117538 
 929   0.8174 0.0288602 
 928 0.816834 0.0462564 
 927  0.81741 0.0633626 
 926 0.816852 0.0807604 
 925 0.817433 0.0978668 
 924 0.816881 0.115266 
 923 0.817466 0.132373 
 922 0.816913 0.149772 
 921 0.817503 0.166879 
 960 0.834086 -0.160796 
 959 0.834642 -0.143678 
 958 0.834045 -0.126289 
 957 0.834606 -0.109172 
 956 0.834018 -0.091784 
 955 0.834583 -0.0746679 
 954 0.833995 -0.0572798 
 953 0.834565 -0.0401646 
 952 0.833986 -0.0227769 
 951  0.83456 -0.00566223 
 950 0.833983 0.0117265 
 949 0.834563 0.0288409 
 948 0.833989 0.0462289 
 947 0.834572 0.0633431 
 946 0.834007 0.0807327 
 945 0.834596 0.0978471 
 944 0.834036 0.115238 
 943 0.834629 0.132353 
 942 0.834069 0.149744 
 941 0.834667 0.166859 
 980 0.851232 -0.160823 
 979 0.851796 -0.143696 
 978 0.851191 -0.126316 
 977 0.851759 -0.109191 
 976 0.851163 -0.0918112 
 975 0.851736 -0.074687 
 974  0.85114 -0.0573072 
 973 0.851718 -0.0401838 
 972  0.85113 -0.0228046 
 971 0.851713 -0.00568169 
 970 0.851128 0.0116987 
 969 0.851715 0.0288212 
 968 0.851133 0.0462008 
 967 0.851725 0.0633232 
 966 0.851152 0.0807045 
 965 0.851749 0.0978271 
 964 0.851181  0.11521 
 963 0.851783 0.132333 
 962 0.851214 0.149715 
 961 0.851821 0.166839 
1000 0.868373 -0.16085 
 999 0.868944 -0.143716 
 998 0.868331 -0.126344 
 997 0.868907 -0.10921 
 996 0.868303 -0.0918391 
 995 0.868884 -0.0747065 
 994  0.86828 -0.0573353 
 993 0.868865 -0.0402035 
 992  0.86827 -0.0228328 
 991  0.86886 -0.0057016 
 990 0.868267 0.0116702 
 989 0.868863 0.0288011 
 988 0.868273 0.0461722 
 987 0.868873 0.0633029 
 986 0.868291 0.0806756 
 985 0.868897 0.0978066 
 984 0.868321 0.115181 
 983 0.868931 0.132312 
 982 0.868355 0.149686 
 981  0.86897 0.166818 
1020 0.885639 -0.160855 
1019 0.886216 -0.143754 
1018   0.8856 -0.126349 
1017 0.886182 -0.109249 
1016 0.885567 -0.0918443 
1015 0.886154 -0.0747451 
1014 0.885547 -0.0573413 
1013 0.886139 -0.0402428 
1012 0.885533 -0.0228389 
1011 0.886131 -0.00574107 
1010 0.885535 0.0116636 
1009 0.886137 0.0287612 
1008 0.885542 0.0461658 
1007 0.886149 0.0632633 
1006 0.885561 0.0806689 
1005 0.886173 0.0977666 
1004 0.885588 0.115173 
1003 0.886205 0.132271 
1002 0.885627 0.149679 
1001 0.886248 0.166778 
1040 0.902751 -0.160882 
1039 0.903337 -0.143772 
1038 0.902712 -0.126376 
1037 0.903302 -0.109268 
1036 0.902679 -0.0918714 
1035 0.903274 -0.0747641 
1034 0.902659 -0.0573685 
1033 0.903259 -0.0402619 
1032 0.902645 -0.0228664 
1031  0.90325 -0.00576042 
1030 0.902647 0.011636 
1029 0.903256 0.0287417 
1028 0.902654 0.0461379 
1027 0.903269 0.0632435 
1026 0.902673 0.0806409 
1025 0.903292 0.0977467 
1024   0.9027 0.115145 
1023 0.903325 0.132251 
1022 0.902739 0.149651 
1021 0.903369 0.166758 
1060 0.919855 -0.160909 
1059 0.920447 -0.143791 
1058 0.919815 -0.126404 
1057 0.920412 -0.109287 
1056 0.919781 -0.091899 
1055 0.920383 -0.0747834 
1054 0.919761 -0.0573963 
1053 0.920368 -0.0402815 
1052 0.919747 -0.0228944 
1051 0.920359 -0.00578015 
1050 0.919749 0.0116078 
1049 0.920366 0.0287218 
1048 0.919756 0.0461095 
1047 0.920378 0.0632234 
1046 0.919775 0.0806123 
1045 0.920402 0.0977263 
1044 0.919803 0.115116 
1043 0.920435 0.132231 
1042 0.919842 0.149622 
1041  0.92048 0.166737 
1080 0.936946 -0.160937 
1079 0.937545 -0.14381 
1078 0.936906 -0.126431 
1077  0.93751 -0.109306 
1076 0.936872 -0.091927 
1075 0.937481 -0.074803 
1074 0.936851 -0.0574245 
1073 0.937466 -0.0403012 
1072 0.936837 -0.0229227 
1071 0.937456 -0.00580012 
1070 0.936839 0.0115792 
1069 0.937463 0.0287016 
1068 0.936846 0.0460808 
1067 0.937476 0.063203 
1066 0.936865 0.0805834 
1065   0.9375 0.0977058 
1064 0.936893 0.115087 
1063 0.937533  0.13221 
1062 0.936933 0.149593 
1061 0.937579 0.166716 
1100 0.954032 -0.160965 
1099 0.954639 -0.14383 
1098 0.953992 -0.12646 
1097 0.954603 -0.109326 
1096 0.953957 -0.0919555 
1095 0.954574 -0.074823 
1094 0.953936 -0.0574532 
1093 0.954558 -0.0403214 
1092 0.953922 -0.0229517 
1091 0.954549 -0.0058205 
1090 0.953924 0.0115501 
1089 0.954556 0.028681 
1088 0.953931 0.0460515 
1087 0.954568 0.0631823 
1086 0.953951 0.0805538 
1085 0.954593 0.0976848 
1084 0.953979 0.115058 
1083 0.954626 0.132189 
1082  0.95402 0.149563 
1081 0.954672 0.166695 
1120 0.971278 -0.160969 
1119  0.97189 -0.143869 
1118 0.971235 -0.126464 
1117 0.971852 -0.109365 
1116 0.971201 -0.0919599 
1115 0.971823 -0.0748624 
1114 0.971179 -0.0574576 
1113 0.971806 -0.040361 
1112 0.971171 -0.0229565 
1111 0.971803 -0.00586034 
1110 0.971166 0.0115451 
1109 0.971804 0.0286409 
1108 0.971176 0.0460467 
1107 0.971818 0.0631424 
1106 0.971195 0.0805488 
1105 0.971843 0.0976447 
1104 0.971226 0.115052 
1103 0.971879 0.132148 
1102 0.971267 0.149557 
1101 0.971925 0.166654 
1140 0.988396 -0.160996 
1139 0.989015 -0.143888 
1138 0.988352 -0.126491 
1137 0.988976 -0.109384 
1136 0.988318 -0.0919874 
1135 0.988947 -0.0748817 
1134 0.988295 -0.0574853 
1133  0.98893 -0.0403805 
1132 0.988288 -0.0229844 
1131 0.988927 -0.00588001 
1130 0.988283 0.011517 
1129 0.988928 0.028621 
1128 0.988292 0.0460185 
1127 0.988943 0.0631224 
1126 0.988312 0.0805204 
1125 0.988967 0.0976244 
1124 0.988343 0.115023 
1123 0.989004 0.132128 
1122 0.988384 0.149528 
1121  0.98905 0.166634 
1160   1.0055 -0.161024 
1159  1.00613 -0.143908 
1158  1.00546 -0.126519 
1157  1.00609 -0.109404 
1156  1.00542 -0.0920153 
1155  1.00606 -0.0749013 
1154   1.0054 -0.0575134 
1153  1.00604 -0.0404002 
1152  1.00539 -0.0230127 
1151  1.00604 -0.00589996 
1150  1.00539 0.0114886 
1149  1.00604 0.0286009 
1148   1.0054 0.0459898 
1147  1.00605 0.063102 
1146  1.00542 0.0804915 
1145  1.00608 0.0976039 
1144  1.00545 0.114994 
1143  1.00611 0.132107 
1142  1.00549 0.149499 
1141  1.00616 0.166613 
1180   1.0226 -0.161052 
1179  1.02323 -0.143927 
1178  1.02255 -0.126547 
1177  1.02319 -0.109423 
1176  1.02252 -0.0920436 
1175  1.02316 -0.0749211 
1174  1.02249 -0.0575419 
1173  1.02314 -0.0404203 
1172  1.02249 -0.0230414 
1171  1.02314 -0.00592022 
1170  1.02248 0.0114596 
1169  1.02314 0.0285804 
1168  1.02249 0.0459607 
1167  1.02315 0.0630814 
1166  1.02251 0.0804622 
1165  1.02318 0.097583 
1164  1.02254 0.114965 
1163  1.02322 0.132086 
1162  1.02258 0.149469 
1161  1.02326 0.166591 
1200  1.03969 -0.16108 
1199  1.04032 -0.143947 
1198  1.03964 -0.126575 
1197  1.04028 -0.109443 
1196   1.0396 -0.0920723 
1195  1.04025 -0.0749413 
1194  1.03958 -0.0575708 
1193  1.04024 -0.0404406 
1192  1.03957 -0.0230705 
1191  1.04023 -0.00594075 
1190  1.03957 0.0114303 
1189  1.04023 0.0285597 
1188  1.03958 0.0459311 
1187  1.04025 0.0630604 
1186   1.0396 0.0804324 
1185  1.04027 0.0975619 
1184  1.03963 0.114935 
1183  1.04031 0.132065 
1182  1.03967 0.149439 
1181  1.04036  0.16657 
1220  1.05694 -0.161084 
1219  1.05758 -0.143985 
1218   1.0569 -0.12658 
1217  1.05755 -0.109482 
1216  1.05686 -0.0920776 
1215  1.05752 -0.0749806 
1214  1.05684 -0.0575757 
1213   1.0575 -0.0404796 
1212  1.05683 -0.023075 
1211  1.05749 -0.00597941 
1210  1.05682 0.011425 
1209  1.05749 0.0285202 
1208  1.05683 0.0459256 
1207  1.05751 0.0630207 
1206  1.05685 0.0804268 
1205  1.05753 0.0975221 
1204  1.05688 0.114929 
1203  1.05757 0.132025 
1202  1.05692 0.149433 
1201  1.05761 0.166529 
1240  1.07408 -0.161111 
1239  1.07472 -0.144003 
1238  1.07403 -0.126607 
1237  1.07469 -0.109501 
1236    1.074 -0.0921051 
1235  1.07466 -0.0749999 
1234  1.07397 -0.0576034 
1233  1.07464 -0.0404991 
1232  1.07396 -0.0231029 
1231  1.07463 -0.00599911 
1230  1.07396 0.0113969 
1229  1.07463 0.0285003 
1228  1.07397 0.0458973 
1227  1.07465 0.0630006 
1226  1.07399 0.0803983 
1225  1.07467 0.0975018 
1224  1.07402   0.1149 
1223  1.07471 0.132004 
1222  1.07406 0.149404 
1221  1.07476 0.166508 
1260   1.0912 -0.161138 
1259  1.09185 -0.144023 
1258  1.09116 -0.126635 
1257  1.09181 -0.10952 
1256  1.09112 -0.0921329 
1255  1.09179 -0.0750194 
1254   1.0911 -0.0576314 
1253  1.09177 -0.0405188 
1252  1.09108 -0.0231311 
1251  1.09176 -0.00601901 
1250  1.09108 0.0113685 
1249  1.09176 0.0284802 
1248  1.09109 0.0458687 
1247  1.09178 0.0629803 
1246  1.09111 0.0803695 
1245   1.0918 0.0974813 
1244  1.09114 0.114871 
1243  1.09184 0.131983 
1242  1.09118 0.149375 
1241  1.09188 0.166487 
1280  1.10831 -0.161166 
1279  1.10897 -0.144042 
1278  1.10827 -0.126663 
1277  1.10893 -0.10954 
1276  1.10823 -0.0921611 
1275   1.1089 -0.0750392 
1274  1.10821 -0.0576598 
1273  1.10888 -0.0405387 
1272  1.10819 -0.0231597 
1271  1.10887 -0.00603918 
1270  1.10819 0.0113398 
1269  1.10887 0.0284598 
1268   1.1082 0.0458397 
1267  1.10889 0.0629597 
1266  1.10822 0.0803404 
1265  1.10892 0.0974605 
1264  1.10825 0.114842 
1263  1.10895 0.131962 
1262  1.10829 0.149345 
1261    1.109 0.166466 
1300  1.12541 -0.161194 
1299  1.12608 -0.144062 
1298  1.12537 -0.126691 
1297  1.12604 -0.10956 
1296  1.12533 -0.0921896 
1295  1.12601 -0.0750592 
1294  1.12531 -0.0576885 
1293  1.12599 -0.0405589 
1292  1.12529 -0.0231886 
1291  1.12598 -0.00605957 
1290  1.12529 0.0113107 
1289  1.12598 0.0284392 
1288   1.1253 0.0458104 
1287    1.126 0.0629389 
1286  1.12532 0.0803109 
1285  1.12602 0.0974395 
1284  1.12535 0.114812 
1283  1.12606 0.131941 
1282  1.12539 0.149315 
1281  1.12611 0.166445 
1320   1.1477 -0.161198 
1319  1.14837 -0.144099 
1318  1.14765 -0.126695 
1317  1.14832 -0.109597 
1316  1.14761 -0.0921929 
1315  1.14829 -0.0750961 
1314  1.14758 -0.057692 
1313  1.14827 -0.040596 
1312  1.14757 -0.0231926 
1311  1.14826 -0.00609709 
1310  1.14757 0.011307 
1309  1.14827 0.0284022 
1308  1.14758 0.0458067 
1307  1.14828 0.0629018 
1306   1.1476 0.080306 
1305  1.14831 0.0974012 
1304  1.14763 0.114808 
1303  1.14835 0.131903 
1302  1.14768  0.14931 
1301   1.1484 0.166407 
1340  1.16482 -0.161225 
1339   1.1655 -0.144118 
1338  1.16477 -0.126722 
1337  1.16545 -0.109616 
1336  1.16473 -0.0922201 
1335  1.16542 -0.0751151 
1334  1.16471 -0.0577194 
1333   1.1654 -0.0406153 
1332   1.1647 -0.0232201 
1331  1.16539 -0.00611654 
1330  1.16469 0.0112793 
1329   1.1654 0.0283825 
1328   1.1647 0.0457788 
1327  1.16541 0.0628819 
1326  1.16472 0.0802779 
1325  1.16544 0.0973812 
1324  1.16476 0.114779 
1323  1.16548 0.131883 
1322   1.1648 0.149282 
1321  1.16553 0.166386 
1360  1.18193 -0.161252 
1359  1.18261 -0.144137 
1358  1.18188 -0.126749 
1357  1.18257 -0.109635 
1356  1.18185 -0.0922476 
1355  1.18254 -0.0751345 
1354  1.18182 -0.0577471 
1353  1.18251 -0.0406348 
1352  1.18181 -0.023248 
1351  1.18251 -0.00613627 
1350   1.1818 0.0112512 
1349  1.18251 0.0283626 
1348  1.18181 0.0457505 
1347  1.18253 0.0628618 
1346  1.18183 0.0802494 
1345  1.18255 0.0973608 
1344  1.18187 0.114751 
1343  1.18259 0.131862 
1342  1.18191 0.149253 
1341  1.18264 0.166365 
1380  1.19903 -0.16128 
1379  1.19972 -0.144156 
1378  1.19898 -0.126776 
1377  1.19967 -0.109654 
1376  1.19894 -0.0922754 
1375  1.19964 -0.075154 
1374  1.19891 -0.057775 
1373  1.19962 -0.0406545 
1372   1.1989 -0.0232762 
1371  1.19961 -0.00615615 
1370   1.1989 0.0112228 
1369  1.19961 0.0283425 
1368  1.19891 0.045722 
1367  1.19963 0.0628415 
1366  1.19893 0.0802207 
1365  1.19965 0.0973404 
1364  1.19896 0.114722 
1363  1.19969 0.131842 
1362  1.19901 0.149224 
1361  1.19975 0.166345 
1400  1.21612 -0.161307 
1399  1.21681 -0.144175 
1398  1.21606 -0.126804 
1397  1.21676 -0.109674 
1396  1.21603 -0.0923034 
1395  1.21673 -0.0751737 
1394    1.216 -0.0578033 
1393  1.21671 -0.0406744 
1392  1.21599 -0.0233046 
1391   1.2167 -0.00617625 
1390  1.21599 0.0111942 
1389  1.21671 0.0283222 
1388  1.21599 0.0456931 
1387  1.21672 0.0628211 
1386  1.21601 0.0801916 
1385  1.21675 0.0973197 
1384  1.21605 0.114692 
1383  1.21679 0.131821 
1382  1.21609 0.149194 
1381  1.21684 0.166324 
1420  1.23336 -0.161311 
1419  1.23405 -0.144211 
1418  1.23331 -0.126809 
1417  1.23401 -0.109711 
1416  1.23328 -0.092308 
1415  1.23398 -0.0752106 
1414  1.23325 -0.0578081 
1413  1.23396 -0.0407116 
1412  1.23324 -0.0233098 
1411  1.23395 -0.00621384 
1410  1.23323 0.0111892 
1409  1.23396 0.0282848 
1408  1.23324 0.0456874 
1407  1.23397 0.062783 
1406  1.23326 0.0801869 
1405    1.234 0.0972826 
1404   1.2333 0.114687 
1403  1.23404 0.131783 
1402  1.23334 0.149189 
1401  1.23409 0.166285 
1440  1.25049 -0.161337 
1439  1.25119 -0.14423 
1438  1.25044 -0.126835 
1437  1.25114 -0.109729 
1436   1.2504 -0.0923346 
1435  1.25111 -0.0752293 
1434  1.25037 -0.0578349 
1433  1.25109 -0.0407305 
1432  1.25036 -0.0233369 
1431  1.25108 -0.00623294 
1430  1.25036 0.011162 
1429  1.25109 0.0282656 
1428  1.25037  0.04566 
1427   1.2511 0.0627635 
1426  1.25039 0.0801593 
1425  1.25113 0.0972629 
1424  1.25043 0.114659 
1423  1.25117 0.131763 
1422  1.25047 0.149161 
1421  1.25122 0.166265 
1460  1.26759 -0.161364 
1459   1.2683 -0.144248 
1458  1.26754 -0.126862 
1457  1.26825 -0.109748 
1456  1.26751 -0.0923613 
1455  1.26822 -0.0752481 
1454  1.26748 -0.0578618 
1453   1.2682 -0.0407495 
1452  1.26747 -0.0233639 
1451  1.26819 -0.00625209 
1450  1.26746 0.0111347 
1449   1.2682 0.0282462 
1448  1.26747 0.0456326 
1447  1.26821 0.062744 
1446  1.26749 0.0801317 
1445  1.26824 0.0972432 
1444  1.26753 0.114631 
1443  1.26828 0.131743 
1442  1.26758 0.149133 
1441  1.26833 0.166245 
1480  1.28469 -0.16139 
1479  1.28539 -0.144267 
1478  1.28464 -0.126889 
1477  1.28535 -0.109767 
1476   1.2846 -0.0923884 
1475  1.28532 -0.0752671 
1474  1.28457 -0.0578891 
1473  1.28529 -0.0407687 
1472  1.28456 -0.0233914 
1471  1.28529 -0.00627152 
1470  1.28456 0.011107 
1469  1.28529 0.0282266 
1468  1.28457 0.0456047 
1467  1.28531 0.0627242 
1466  1.28459 0.0801036 
1465  1.28534 0.0972231 
1464  1.28462 0.114603 
1463  1.28538 0.131723 
1462  1.28467 0.149104 
1461  1.28543 0.166225 
1500  1.30177 -0.161417 
1499  1.30248 -0.144286 
1498  1.30172 -0.126916 
1497  1.30244 -0.109786 
1496  1.30168 -0.0924158 
1495  1.30241 -0.0752864 
1494  1.30165 -0.0579166 
1493  1.30238 -0.0407881 
1492  1.30164 -0.0234192 
1491  1.30238 -0.00629117 
1490  1.30164 0.0110791 
1489  1.30238 0.0282067 
1488  1.30165 0.0455765 
1487   1.3024 0.0627041 
1486  1.30167 0.0800752 
1485  1.30242 0.0972029 
1484  1.30171 0.114575 
1483  1.30247 0.131703 
1482  1.30175 0.149076 
1481  1.30252 0.166204 
1520  1.31901 -0.16142 
1519  1.31973 -0.144321 
1518  1.31897 -0.12692 
1517  1.31969 -0.109821 
1516  1.31893 -0.0924192 
1515  1.31965 -0.0753217 
1514   1.3189 -0.0579206 
1513  1.31963 -0.040824 
1512  1.31888 -0.0234232 
1511  1.31962 -0.00632709 
1510  1.31888 0.0110747 
1509  1.31962 0.0281704 
1508  1.31889 0.0455722 
1507  1.31964 0.0626678 
1506  1.31892 0.080071 
1505  1.31967 0.0971668 
1504  1.31895  0.11457 
1503  1.31971 0.131666 
1502  1.31899  0.14907 
1501  1.31976 0.166167 
1540  1.33614 -0.161446 
1539  1.33686 -0.144338 
1538   1.3361 -0.126945 
1537  1.33682 -0.109839 
1536  1.33606 -0.0924449 
1535  1.33679 -0.0753398 
1534  1.33603 -0.0579466 
1533  1.33677 -0.0408423 
1532  1.33601 -0.0234493 
1531  1.33676 -0.00634557 
1530  1.33601 0.0110484 
1529  1.33676 0.0281517 
1528  1.33602 0.0455457 
1527  1.33678 0.062649 
1526  1.33605 0.0800444 
1525  1.33681 0.0971478 
1524  1.33608 0.114543 
1523  1.33685 0.131647 
1522  1.33612 0.149043 
1521   1.3369 0.166148 
1560  1.35325 -0.161471 
1559  1.35398 -0.144356 
1558  1.35321 -0.126971 
1557  1.35394 -0.109857 
1556  1.35317 -0.0924707 
1555   1.3539 -0.075358 
1554  1.35314 -0.0579726 
1553  1.35388 -0.0408606 
1552  1.35312 -0.0234755 
1551  1.35387 -0.0063641 
1550  1.35312 0.011022 
1549  1.35387 0.028133 
1548  1.35313 0.0455192 
1547  1.35389 0.0626301 
1546  1.35316 0.0800176 
1545  1.35392 0.0971287 
1544  1.35319 0.114516 
1543  1.35396 0.131627 
1542  1.35323 0.149016 
1541  1.35401 0.166128 
1580  1.37035 -0.161497 
1579  1.37107 -0.144374 
1578   1.3703 -0.126997 
1577  1.37103 -0.109875 
1576  1.37026 -0.0924969 
1575    1.371 -0.0753764 
1574  1.37023 -0.057999 
1573  1.37098 -0.0408792 
1572  1.37022 -0.023502 
1571  1.37097 -0.0063829 
1570  1.37021 0.0109952 
1569  1.37097 0.028114 
1568  1.37023 0.0454922 
1567  1.37099 0.0626109 
1566  1.37025 0.0799905 
1565  1.37102 0.0971094 
1564  1.37028 0.114489 
1563  1.37106 0.131608 
1562  1.37033 0.148989 
1561  1.37111 0.166109 
1600  1.38743 -0.161523 
1599  1.38816 -0.144392 
1598  1.38738 -0.127023 
1597  1.38812 -0.109894 
1596  1.38734 -0.0925232 
1595  1.38808 -0.0753949 
1594  1.38731 -0.0580254 
1593  1.38806 -0.0408979 
1592   1.3873 -0.0235286 
1591  1.38805 -0.00640173 
1590  1.38729 0.0109685 
1589  1.38805 0.028095 
1588   1.3873 0.0454653 
1587  1.38807 0.0625917 
1586  1.38733 0.0799633 
1585   1.3881  0.09709 
1584  1.38736 0.114461 
1583  1.38814 0.131588 
1582  1.38741 0.148961 
1581  1.38819 0.166089 
1620  1.40468 -0.161527 
1619  1.40542 -0.144426 
1618  1.40463 -0.127025 
1617  1.40537 -0.109926 
1616  1.40459 -0.0925262 
1615  1.40533 -0.0754279 
1614  1.40456 -0.0580285 
1613  1.40531 -0.0409312 
1612  1.40455 -0.0235314 
1611   1.4053 -0.0064346 
1610  1.40455 0.0109646 
1609  1.40531 0.0280611 
1608  1.40455 0.0454614 
1607  1.40532 0.0625578 
1606  1.40458 0.0799582 
1605  1.40535 0.0970548 
1604  1.40462 0.114458 
1603   1.4054 0.131555 
1602  1.40466 0.148957 
1601  1.40545 0.166054 
1640  1.42183 -0.161551 
1639  1.42257 -0.144443 
1638  1.42178 -0.12705 
1637  1.42252 -0.109943 
1636  1.42174 -0.0925508 
1635  1.42249 -0.0754453 
1634  1.42171 -0.0580534 
1633  1.42247 -0.0409487 
1632   1.4217 -0.0235564 
1631  1.42246 -0.0064523 
1630   1.4217 0.0109394 
1629  1.42246 0.0280432 
1628   1.4217 0.045436 
1627  1.42248 0.0625397 
1626  1.42173 0.0799327 
1625  1.42251 0.0970365 
1624  1.42177 0.114432 
1623  1.42255 0.131536 
1622  1.42181 0.148931 
1621   1.4226 0.166036 
1660  1.43896 -0.161576 
1659   1.4397 -0.14446 
1658  1.43891 -0.127074 
1657  1.43965 -0.10996 
1656  1.43887 -0.0925756 
1655  1.43962 -0.0754628 
1654  1.43884 -0.0580784 
1653  1.43959 -0.0409663 
1652  1.43882 -0.0235816 
1651  1.43959 -0.00647013 
1650  1.43882 0.0109141 
1649  1.43959 0.0280252 
1648  1.43883 0.0454105 
1647  1.43961 0.0625215 
1646  1.43885 0.079907 
1645  1.43964 0.0970182 
1644  1.43889 0.114406 
1643  1.43968 0.131518 
1642  1.43894 0.148905 
1641  1.43973 0.166017 
1680  1.45607  -0.1616 
1679  1.45681 -0.144478 
1678  1.45601 -0.127099 
1677  1.45676 -0.109978 
1676  1.45597 -0.0926007 
1675  1.45673 -0.0754804 
1674  1.45594 -0.0581036 
1673  1.45671 -0.0409841 
1672  1.45593 -0.023607 
1671   1.4567 -0.00648811 
1670  1.45593 0.0108885 
1669   1.4567 0.0280071 
1668  1.45594 0.0453848 
1667  1.45672 0.0625032 
1666  1.45596 0.0798811 
1665  1.45675 0.0969997 
1664    1.456  0.11438 
1663  1.45679 0.131499 
1662  1.45605 0.148879 
1661  1.45684 0.165998 
1700  1.47316 -0.161625 
1699  1.47391 -0.144495 
1698   1.4731 -0.127124 
1697  1.47386 -0.109995 
1696  1.47306 -0.0926258 
1695  1.47382 -0.0754981 
1694  1.47303 -0.0581289 
1693   1.4738 -0.041002 
1692  1.47302 -0.0236324 
1691  1.47379 -0.00650614 
1690  1.47302 0.0108629 
1689   1.4738 0.0279889 
1688  1.47303 0.045359 
1687  1.47381 0.0624848 
1686  1.47305 0.0798551 
1685  1.47384 0.0969811 
1684  1.47309 0.114354 
1683  1.47389  0.13148 
1682  1.47314 0.148852 
1681  1.47394 0.165979 
